77
97
99
104
105
110
101
32
76
101
97
114
110
105
110
103
32
105
115
32
116
104
101
32
102
105
101
108
100
32
111
102
32
115
116
117
100
121
32
116
104
97
116
32
103
105
118
101
115
32
99
111
109
112
117
116
101
114
115
32
116
104
101
32
99
97
112
97
98
105
108
105
116
121
32
116
111
32
108
101
97
114
110
32
119
105
116
104
111
117
116
32
98
101
105
110
103
32
101
120
112
108
105
99
105
116
108
121
32
112
114
111
103
114
97
109
109
101
100
46
10
77
76
32
105
115
32
111
110
101
32
111
102
32
116
104
101
32
109
111
115
116
32
101
120
99
105
116
105
110
103
32
116
101
99
104
110
111
108
111
103
105
101
115
32
116
104
97
116
32
111
110
101
32
119
111
117
108
100
32
104
97
118
101
32
101
118
101
114
32
99
111
109
101
32
97
99
114
111
115
115
46
10
65
115
32
105
116
32
105
115
32
101
118
105
100
101
110
116
32
102
114
111
109
32
116
104
101
32
110
97
109
101
44
32
105
116
32
103
105
118
101
115
32
116
104
101
32
99
111
109
112
117
116
101
114
32
116
104
97
116
32
109
97
107
101
115
32
105
116
32
109
111
114
101
32
115
105
109
105
108
97
114
32
116
111
32
104
117
109
97
110
115
58
32
84
104
101
32
97
98
105
108
105
116
121
32
116
111
32
108
101
97
114
110
46
10
77
97
99
104
105
110
101
32
108
101
97
114
110
105
110
103
32
105
115
32
97
99
116
105
118
101
108
121
32
98
101
105
110
103
32
117
115
101
100
32
116
111
100
97
121
44
32
112
101
114
104
97
112
115
32
105
110
32
109
97
110
121
32
109
111
114
101
32
112
108
97
99
101
115
32
116
104
97
110
32
111
110
101
32
119
111
117
108
100
32
101
120
112
101
99
116
46
