554440
1059549
66578
1143507
1147874
469188
260362
1242122
1493625
260362
1059549
16374
469188
1147874
469188
871307
1242122
1147874
928047
1242122
76568
1143507
260362
1242122
8709
1147874
260362
1471671
279541
1242122
1472702
8709
1242122
928047
76568
253572
279541
386167
1242122
76568
1143507
1059549
76568
1242122
871307
1147874
1559518
260362
928047
1242122
66578
1472702
573529
322959
253572
76568
260362
16374
928047
1242122
76568
1143507
260362
1242122
66578
1059549
322959
1059549
107141
1147874
1471671
1147874
76568
386167
1242122
76568
1472702
1242122
1471671
260362
1059549
16374
469188
1242122
383185
1147874
76568
1143507
1472702
253572
76568
1242122
107141
260362
1147874
469188
871307
1242122
260362
395283
322959
1471671
1147874
66578
1147874
76568
1471671
386167
1242122
322959
16374
1472702
871307
16374
1059549
573529
573529
260362
279541
1489328
1276382
554440
1493625
1242122
1147874
928047
1242122
1472702
469188
260362
1242122
1472702
8709
1242122
76568
1143507
260362
1242122
573529
1472702
928047
76568
1242122
260362
395283
66578
1147874
76568
1147874
469188
871307
1242122
76568
260362
66578
1143507
469188
1472702
1471671
1472702
871307
1147874
260362
928047
1242122
76568
1143507
1059549
76568
1242122
1472702
469188
260362
1242122
383185
1472702
253572
1471671
279541
1242122
1143507
1059549
1559518
260362
1242122
260362
1559518
260362
16374
1242122
66578
1472702
573529
260362
1242122
1059549
66578
16374
1472702
928047
928047
1489328
1276382
1236848
928047
1242122
1147874
76568
1242122
1147874
928047
1242122
260362
1559518
1147874
279541
260362
469188
76568
1242122
8709
16374
1472702
573529
1242122
76568
1143507
260362
1242122
469188
1059549
573529
260362
1269386
1242122
1147874
76568
1242122
871307
1147874
1559518
260362
928047
1242122
76568
1143507
260362
1242122
66578
1472702
573529
322959
253572
76568
260362
16374
1242122
76568
1143507
1059549
76568
1242122
573529
1059549
1073776
260362
928047
1242122
1147874
76568
1242122
573529
1472702
16374
260362
1242122
928047
1147874
573529
1147874
1471671
1059549
16374
1242122
76568
1472702
1242122
1143507
253572
573529
1059549
469188
928047
764044
1242122
389039
1143507
260362
1242122
1059549
107141
1147874
1471671
1147874
76568
386167
1242122
76568
1472702
1242122
1471671
260362
1059549
16374
469188
1489328
1276382
554440
1059549
66578
1143507
1147874
469188
260362
1242122
1471671
260362
1059549
16374
469188
1147874
469188
871307
1242122
1147874
928047
1242122
1059549
66578
76568
1147874
1559518
260362
1471671
386167
1242122
107141
260362
1147874
469188
871307
1242122
253572
928047
260362
279541
1242122
76568
1472702
279541
1059549
386167
1269386
1242122
322959
260362
16374
1143507
1059549
322959
928047
1242122
1147874
469188
1242122
573529
1059549
469188
386167
1242122
573529
1472702
16374
260362
1242122
322959
1471671
1059549
66578
260362
928047
1242122
76568
1143507
1059549
469188
1242122
1472702
469188
260362
1242122
383185
1472702
253572
1471671
279541
1242122
260362
395283
322959
260362
66578
76568
1489328
