715458422
712158336
276904580
706800027
676096297
741491458
309252397
676449243
656477072
309252397
712158336
486225598
741491458
676096297
741491458
642355551
676449243
676096297
673878395
676449243
151069510
706800027
309252397
676449243
57187774
676096297
309252397
130410184
119560143
676449243
286707734
57187774
676449243
673878395
151069510
491119986
119560143
590229870
676449243
151069510
706800027
712158336
151069510
676449243
642355551
676096297
715110682
309252397
673878395
676449243
276904580
286707734
683835245
38687081
491119986
151069510
309252397
486225598
673878395
676449243
151069510
706800027
309252397
676449243
276904580
712158336
38687081
712158336
266834289
676096297
130410184
676096297
151069510
590229870
676449243
151069510
286707734
676449243
130410184
309252397
712158336
486225598
741491458
676449243
640120090
676096297
151069510
706800027
286707734
491119986
151069510
676449243
266834289
309252397
676096297
741491458
642355551
676449243
309252397
701461998
38687081
130410184
676096297
276904580
676096297
151069510
130410184
590229870
676449243
38687081
486225598
286707734
642355551
486225598
712158336
683835245
683835245
309252397
119560143
459168880
741789640
715458422
656477072
676449243
676096297
673878395
676449243
286707734
741491458
309252397
676449243
286707734
57187774
676449243
151069510
706800027
309252397
676449243
683835245
286707734
673878395
151069510
676449243
309252397
701461998
276904580
676096297
151069510
676096297
741491458
642355551
676449243
151069510
309252397
276904580
706800027
741491458
286707734
130410184
286707734
642355551
676096297
309252397
673878395
676449243
151069510
706800027
712158336
151069510
676449243
286707734
741491458
309252397
676449243
640120090
286707734
491119986
130410184
119560143
676449243
706800027
712158336
715110682
309252397
676449243
309252397
715110682
309252397
486225598
676449243
276904580
286707734
683835245
309252397
676449243
712158336
276904580
486225598
286707734
673878395
673878395
459168880
741789640
526401652
673878395
676449243
676096297
151069510
676449243
676096297
673878395
676449243
309252397
715110682
676096297
119560143
309252397
741491458
151069510
676449243
57187774
486225598
286707734
683835245
676449243
151069510
706800027
309252397
676449243
741491458
712158336
683835245
309252397
189308134
676449243
676096297
151069510
676449243
642355551
676096297
715110682
309252397
673878395
676449243
151069510
706800027
309252397
676449243
276904580
286707734
683835245
38687081
491119986
151069510
309252397
486225598
676449243
151069510
706800027
712158336
151069510
676449243
683835245
712158336
193020054
309252397
673878395
676449243
676096297
151069510
676449243
683835245
286707734
486225598
309252397
676449243
673878395
676096297
683835245
676096297
130410184
712158336
486225598
676449243
151069510
286707734
676449243
706800027
491119986
683835245
712158336
741491458
673878395
463675248
676449243
457359290
706800027
309252397
676449243
712158336
266834289
676096297
130410184
676096297
151069510
590229870
676449243
151069510
286707734
676449243
130410184
309252397
712158336
486225598
741491458
459168880
741789640
715458422
712158336
276904580
706800027
676096297
741491458
309252397
676449243
130410184
309252397
712158336
486225598
741491458
676096297
741491458
642355551
676449243
676096297
673878395
676449243
712158336
276904580
151069510
676096297
715110682
309252397
130410184
590229870
676449243
266834289
309252397
676096297
741491458
642355551
676449243
491119986
673878395
309252397
119560143
676449243
151069510
286707734
119560143
712158336
590229870
189308134
676449243
38687081
309252397
486225598
706800027
712158336
38687081
673878395
676449243
676096297
741491458
676449243
683835245
712158336
741491458
590229870
676449243
683835245
286707734
486225598
309252397
676449243
38687081
130410184
712158336
276904580
309252397
673878395
676449243
151069510
706800027
712158336
741491458
676449243
286707734
741491458
309252397
676449243
640120090
286707734
491119986
130410184
119560143
676449243
309252397
701461998
38687081
309252397
276904580
151069510
459168880
