0001110
0001001
1110001
1010111
1101010
0001001
1011100
000110
0111100
1000010
0101100
0100000
1011000
0000011
1111001
1010010
111110
0101010
1001000
000101
0110011
0101001
1111000
110101
0001110
1000001
1010001
1001101
1101110
011010
0100010
1010000
001111
0110000
0111011
0000100
1100010
0011100
101000
1000111
1011000
1111100
0110101
010011
0101101
0000110
0011000
0100111
1100101
101101
1010011
0010011
0011000
0000111
1011001
1001101
0000000
1010001
0111110
101101
0111110
0001100
0001001
101001
0000010
1001111
0010001
1111001
0000100
1101110
0111101
0011100
1100111
0000001
001011
0011100
0111011
011111
0101101
1111000
0111110
0010000
1110010
000011
1101010
1100000
0001011
0000001
0100000
1011011
1010110
010010
1100010
1000111
1100101
0001011
0100000
111110
0100111
0100010
1110100
1110001
0011010
0110001
1010100
1101011
1001011
1101101
001111
0101100
1010111
1111100
1000110
1110100
1110011
0010011
1110111
0110111
1010111
100110
0000
0101100
1010110
110110
1101101
0000001
111000
1101010
0001110
1111110
011000
0011011
1000101
001010
1010000
1000001
0000011
101010
0000101
1000110
0010111
0100011
100100
1111011
1011111
0100001
0000011
1010001
0010111
0000011
1010100
010000
1100100
1100101
1011000
0110000
0001010
1000001
0100011
0011100
0101111
0101101
0101101
0100000
011100
0101101
1001000
0110011
0010001
000111
1111100
1010001
0010011
000100
0100000
0101011
0110000
1111111
1110001
111101
1001000
1111000
1101101
1101000
110011
0100011
1110001
0111001
1101001
000111
1110001
0010010
0100000
1110010
000110
1110011
0010110
0001011
1110101
1101111
0011000
000010
0011
0010010
0101111
001010
0101010
0000010
110000
1101100
0001000
111111
1100101
1100010
1111001
0111100
0000110
1000010
0100010
101100
1100101
1100100
1101011
0110110
000000
0001010
1101111
0000011
011001
0110100
1000011
0100011
0100110
101010
111111
0010101
0000000
111101
0010000
0000010
0000100
1111101
0111111
001000
0101110
0111110
0100000
100101
0001000
0011111
1100000
0111111
0011110
0110101
0011010
0111110
101101
1010010
0101101
0011110
1000010
111001
0001111
1101000
1001101
1100101
0100010
111101
0110010
1000110
010111
0111001
0001000
1011100
1011110
011110
0110001
1010001
0101111
0010010
1001010
1111110
1011010
111010
1101100
1001011
010011
0010110
0011101
0101110
0001111
0111000
1001110
101100
011100
1010110
1101000
1001000
100100
1010100
1000111
1011001
0101010
0100110
0011100
1110101
111010
1001000
0101001
000101
0100101
0101110
1110100
0101101
1011100
010100
1001
0010111
1010011
1111111
1000111
1011000
0100010
0010100
111101
0010111
0101001
0100100
0100101
1110101
1010100
1100110
1111000
010001
1110010
0011101
001011
0010010
0100110
1000011
0100111
0001100
0110100
0011011
1111011
101001
0001000
0100010
0101110
0111010
0100001
010001
0010100
1100001
0010001
0000101
011101
0010011
1010110
1001111
0011101
0100001
000101
110111
1100100
1110101
1101101
0110010
0011101
1110101
0111111
010110
1000101
0001100
001110
1110100
0001110
0001101
0001111
101101
0101111
0101101
1110010
1001111
101100
1110111
0100010
1100110
1100001
0000011
1111000
111000
1000001
1001010
0100001
0001000
000110
1100000
1100100
0100100
101110
0100000
1001000
0100101
0001001
0110001
110100
0100111
0011000
0011111
0100001
0010001
0101111
000111
